0.0000 0.554296875 0.941015625 0.9796875
0.0625 0.6359375 0.855078125 0.98828125
0.1250 0.6875 0.769140625 0.9625
0.1875 0.78203125 0.71328125 0.98828125
0.2500 0.83359375 0.623046875 0.9625
0.3125 0.91953125 0.562890625 0.992578125
0.3750 0.983984375 0.6359375 0.928125
0.4375 0.9625 0.61875 0.9109375
0.5000 0.9625 0.69609375 0.837890625
0.5625 0.9625 0.7734375 0.769140625
0.6250 0.9625 0.8421875 0.691796875
0.6875 0.966796875 0.91953125 0.623046875
0.7500 0.906640625 0.97109375 0.61875
0.8125 0.837890625 0.966796875 0.691796875
0.8750 0.7734375 0.966796875 0.76484375
0.9375 0.6875 0.97109375 0.83359375
1.0000 0.61875 0.97109375 0.90234375
